# FRAME 0
# FRAME 60
# FRAME 120
# FRAME 180
# FRAME 240
  # OBSTACLE
  (229, 230)
  (249, 145)
  (421, 159)
  (444, 250)
  (137, 167)
  (1, 151)
  (8, 271)
  (123, 269)
  (108, 143)
  (145, 115)
  (256, 62)
  (420, 74)
  (474, 165)
  (193, 137)
  # FLOOR
  (131, 226)
  (177, 273)
  (287, 275)
  (479, 268)
# FRAME 300
  # ROVER
  (313, 207)
  (309, 219)
  (319, 217)
  # OBSTACLE
  (48, 262)
  (33, 275)
  (347, 218)
  (390, 267)
  (475, 214)
  (489, 137)
  (489, 137)
  (431, 135)
  (382, 153)
  (352, 151)
  (298, 109)
  (170, 93)
  (68, 92)
  (99, 165)
  (181, 173)
  (7, 128)
  (271, 149)
  (225, 139)
  # FLOOR
  (60, 220)
  (111, 224)
  (234, 223)
  (247, 175)
  (368, 199)
  (288, 225)
  (25, 258)
  (51, 236)
# FRAME 360
  # OBSTACLE
  (105, 153)
  (209, 128)
  (268, 118)
  (272, 172)
  (387, 171)
  (461, 158)
  (441, 101)
  (393, 201)
  (192, 242)
  (487, 186)
  # FLOOR
  (256, 217)
  (256, 217)
  (237, 275)
  (487, 272)
  (453, 205)
  (402, 179)
  (379, 255)
# FRAME 420
  # ROVER
  (301, 168)
  (299, 151)
  (321, 158)
  (286, 165)
  # OBSTACLE
  (130, 165)
  (35, 216)
  (16, 87)
  (21, 18)
  (73, 50)
  (126, 33)
  (229, 23)
  (333, 36)
  (451, 54)
  (434, 57)
  (291, 95)
  (347, 99)
  (178, 89)
  (100, 101)
  (46, 129)
  # FLOOR
  (45, 229)
  (23, 271)
  (231, 223)
  (463, 275)
  (435, 167)
  (251, 149)
  (151, 127)
  (189, 188)
  (385, 205)
# FRAME 480
# FRAME 540
  # ROVER
  (301, 211)
  (273, 155)
  (257, 183)
  (326, 169)
  (301, 166)
  # OBSTACLE
  (160, 55)
  (56, 39)
  (282, 55)
  (421, 66)
  (225, 25)
  (14, 34)
  # FLOOR
  (35, 109)
  (35, 223)
  (260, 246)
  (443, 239)
  (394, 108)
  (214, 108)
  (248, 61)
# FRAME 600
  # ROVER
  (310, 256)
  (241, 239)
  (256, 165)
  (324, 179)
  (279, 186)
  # OBSTACLE
  (255, 41)
  (399, 44)
  (474, 43)
  (323, 10)
  (31, 21)
  (46, 89)
  (79, 20)
  (205, 53)
  (200, 15)
  # FLOOR
  (459, 226)
  (127, 203)
  (150, 41)
  (326, 111)
  (54, 127)
  (477, 107)
# FRAME 660
