# IMAGE Rover_1_parking_lot.jpeg
# POS
(1383, 1584)
(1540, 1450)
(1708, 1573)
(1680, 1304)
(1411, 1310)
(1349, 1388)
(1556, 1288)
(1696, 1411)
# NEG
(1534, 1612)
(1831, 1484)
(1887, 1271)
(1640, 1204)
(1388, 1215)
(1237, 1276)
(1142, 1461)
(1192, 1568)
(1237, 1668)
(1422, 1691)
(2368, 1528)
(2139, 1243)
(1853, 1097)
(1517, 1041)
(1131, 1080)
(873, 1209)
(778, 1400)
(733, 1691)
(817, 1932)
(1243, 2016)
(1624, 2066)
(1937, 1971)
(2217, 1797)
(2307, 1422)
(2279, 1052)
(2167, 884)
(1926, 744)
(1562, 744)
(1237, 756)
(868, 907)
(537, 1148)
(369, 1416)
(308, 1836)
(414, 2094)
(683, 2492)
(1036, 2452)
(1780, 2520)
(2150, 2301)
(2441, 1932)
(2688, 1568)
(2587, 1030)
(2452, 610)
(1971, 364)
(1635, 369)
(1058, 425)
(599, 582)
(448, 800)
(285, 1036)
(33, 1724)
(179, 2475)
(324, 2984)
(688, 3063)
(1349, 3119)
(1926, 3029)
(2228, 2923)
(2654, 2340)
(2492, 2794)
(2408, 2951)
(2122, 3130)
(1831, 3119)
(912, 3438)
(750, 3416)
(263, 3382)
(380, 3505)
(588, 3696)
(1058, 3752)
(1685, 3864)
(1971, 3836)
(2424, 3841)
(2660, 3752)
(2777, 3656)
(2822, 3354)
(2660, 3136)
(2335, 3248)
(2083, 3320)
(1848, 3337)
(1265, 3164)
(1187, 2990)
(1579, 2895)
(2240, 2682)
(2648, 2643)
(2772, 2363)
(2867, 1808)
(2900, 1377)
(2928, 1187)
(2951, 694)
(2788, 509)
(2643, 201)
(2161, 184)
(1478, 156)
(828, 145)
(459, 168)
(240, 224)
(252, 470)
(296, 672)
(548, 716)
(1428, 2531)

# IMAGE Rover_2_Tree.jpeg
# POS
(1080, 2234)
(991, 2251)
(940, 1960)
(1030, 1932)
(1254, 2055)
(1002, 1775)
(1041, 1467)
(1220, 1596)
(1534, 1741)
(1428, 1310)
(1674, 1321)
(1719, 1629)
(1836, 1506)
(1909, 1344)
(2094, 1724)
(2072, 2100)
(2189, 1971)
(1853, 2004)
(2049, 1892)
# NEG
(1702, 1976)
(1484, 1948)
(1310, 1892)
(1736, 1831)
(1640, 1204)
(1388, 1232)
(1136, 1232)
(985, 1271)
(890, 1366)
(784, 1517)
(935, 1573)
(896, 1752)
(812, 2021)
(879, 2279)
(1024, 2335)
(1836, 2128)
(1988, 2245)
(2161, 2251)
(2307, 2156)
(2290, 1982)
(2206, 1853)
(2122, 1607)
(2055, 1394)
(1792, 1321)
(1982, 1248)
(1853, 1170)
(1713, 1058)
(1489, 991)
(1260, 907)
(1041, 767)
(940, 610)
(996, 492)
(1271, 431)
(1512, 498)
(1540, 700)
(1276, 778)
(957, 761)
(778, 672)
(548, 442)
(515, 302)
(476, 274)
(470, 627)
(520, 907)
(621, 1103)
(1187, 991)
(1584, 817)
(1657, 554)
(1562, 425)
(1439, 347)
(1198, 302)
(1097, 285)
(716, 268)
(341, 274)
(907, 319)
(1248, 380)
(1640, 364)
(1909, 364)
(2094, 408)
(2262, 520)
(2503, 672)
(2576, 845)
(2688, 481)
(2385, 235)
(2004, 431)
(2452, 453)
(2839, 341)
(2811, 991)
(2021, 1192)
(2419, 1108)
(2676, 1316)
(2805, 1444)
(2816, 1724)
(2587, 1674)
(2592, 1472)
(2749, 1691)
(2508, 2072)
(2469, 1960)
(2788, 1937)
(2856, 2139)
(2587, 1887)
(2744, 2212)
(2839, 2749)
(2245, 2844)
(2010, 2732)
(1433, 2788)
(963, 2816)
(812, 2777)
(492, 2833)
(459, 2996)
(1159, 3074)
(1433, 3080)
(1937, 3130)
(2430, 3102)
(2788, 3231)
(2822, 3376)
(2654, 3444)
(2256, 3410)
(1971, 3348)
(1736, 3348)
(1192, 3320)
(1080, 3337)
(644, 2508)
(537, 2044)
(582, 1668)
(364, 1349)
(201, 1814)
(268, 2060)
(246, 2318)
(498, 2721)
(991, 2811)
(1394, 2587)
(1551, 2240)
(1657, 2346)
(2044, 2598)
(2665, 2861)
(2581, 3516)
(2368, 3763)
(1881, 3735)
(1663, 3724)
(1282, 3578)
(739, 3432)
(498, 3399)
(369, 3528)
(784, 3841)
(896, 3802)
(2032, 3925)
(2816, 3908)
(2794, 3869)
(2564, 3304)
(1120, 3147)
(1080, 2755)
(1736, 2749)
(1164, 2536)
(1047, 2486)
(638, 2486)
(476, 2273)
(240, 2727)
(95, 3231)
(240, 3528)
(420, 3830)
(896, 3880)
(2004, 3808)
(2727, 3628)
(2536, 2996)
(2643, 2424)
(2514, 2452)
(2570, 2268)
(2732, 2223)
(2822, 2615)
(2867, 2794)
(2508, 2609)
(2156, 2447)

# IMAGE rover_3_halfshade_grass.jpeg
# POS
(1719, 2396)
(1428, 2452)
(1433, 2189)
(1629, 2094)
(1976, 1876)
(2318, 1663)
(2441, 1724)
(2273, 1876)
(2413, 1876)
(2116, 1528)
(1534, 1859)
(1904, 1702)
(1741, 1204)
(1736, 1500)
(1932, 1271)
(1792, 1198)
(1120, 1528)
(1405, 1528)
(1495, 1254)
(873, 1500)
(756, 1792)
(1030, 1870)
(996, 1663)
(862, 1657)
# NEG
(1131, 1646)
(1288, 1786)
(1478, 1976)
(1282, 1965)
(890, 1943)
(1316, 2424)
(1433, 2581)
(1713, 2548)
(1909, 2329)
(1825, 2088)
(2055, 1971)
(2094, 2077)
(2268, 2144)
(2475, 2004)
(2559, 1864)
(2424, 1618)
(2228, 1512)
(2262, 1344)
(2144, 1276)
(2049, 1204)
(1971, 1153)
(1870, 1103)
(1657, 1080)
(1579, 1164)
(1411, 1176)
(1293, 1204)
(1181, 1232)
(1148, 1288)
(996, 1338)
(890, 1388)
(756, 1416)
(778, 1500)
(756, 1579)
(705, 1596)
(616, 1680)
(560, 1775)
(532, 1881)
(677, 1904)
(767, 1948)
(666, 1808)
(1204, 1786)
(1164, 1920)
(1394, 2044)
(1271, 2111)
(1271, 2217)
(1271, 2340)
(1310, 2531)
(1540, 2609)
(1932, 2480)
(1948, 2329)
(1960, 2184)
(2010, 2206)
(386, 128)
(207, 257)
(140, 392)
(705, 352)
(677, 168)
(509, 207)
(476, 453)
(229, 649)
(123, 823)
(106, 828)
(425, 750)
(823, 565)
(1013, 436)
(1304, 291)
(1607, 218)
(1864, 140)
(1920, 145)
(1842, 196)
(1394, 453)
(1276, 436)
(1041, 548)
(795, 660)
(470, 756)
(358, 901)
(235, 1170)
(358, 1148)
(565, 1097)
(879, 1030)
(1114, 918)
(1456, 744)
(1853, 548)
(2408, 324)
(2884, 196)
(2581, 509)
(2340, 632)
(1674, 946)
(1254, 929)
(1024, 1047)
(593, 1260)
(336, 1461)
(212, 1618)
(347, 1668)
(285, 1741)
(268, 1808)
(240, 2060)
(599, 2021)
(840, 2016)
(722, 2139)
(280, 2340)
(352, 2396)
(946, 2273)
(1080, 2290)
(660, 2424)
(1075, 2536)
(739, 2693)
(627, 2727)
(296, 2889)
(117, 3091)
(431, 3035)
(851, 2912)
(1058, 2828)
(1562, 2755)
(1108, 3236)
(599, 3304)
(352, 3399)
(257, 3511)
(498, 3203)
(840, 3169)
(963, 3550)
(733, 3757)
(644, 3533)
(1192, 3522)
(1338, 3572)
(1915, 3757)
(2290, 3802)
(2542, 3824)
(2671, 3864)
(2928, 3544)
(2772, 3533)
(2374, 3572)
(1859, 3701)
(1556, 3752)
(1338, 3813)
(1775, 3556)
(2273, 3477)
(2727, 3281)
(2844, 3180)
(2833, 3091)
(2200, 3158)
(1831, 3220)
(1450, 3147)
(1349, 2945)
(1612, 2828)
(1960, 2755)
(2419, 2738)
(2850, 2340)
(2296, 2385)
(2312, 2256)
(2592, 2200)
(2564, 2744)
(2766, 2794)
(2576, 3225)
(2195, 2727)
(2004, 2884)
(2307, 778)
(2083, 756)
(2021, 425)
(2301, 190)
(2615, 240)
(2660, 515)
(2212, 728)
(2184, 940)
(2559, 924)
(2867, 716)
(2699, 1058)
(2654, 1282)
(2760, 1713)
(2833, 2010)
(2900, 1892)
(2889, 1400)
(2872, 1142)
(2553, 1344)
(2452, 1299)
(2318, 1086)

# IMAGE rover_4_door.jpeg
# POS
(1489, 3169)
(1260, 2990)
(1456, 2805)
(1624, 2968)
(1528, 2727)
(1904, 2682)
(2206, 2637)
(2318, 2592)
(2396, 2704)
(2212, 2727)
(2161, 2833)
(2217, 2951)
(2324, 2984)
(2458, 2984)
(2497, 2912)
(2480, 2788)
(2436, 2727)
(1489, 2850)
(1366, 2867)
(1282, 2973)
(1265, 3052)
(1293, 3136)
(1450, 3186)
(1545, 3141)
(1612, 3040)
(1618, 2895)
(1517, 2839)
(1601, 2721)
(1708, 2721)
(1730, 2704)
(1859, 2704)
(1904, 2693)
(2032, 2665)
(2144, 2660)
(2184, 2660)
(1394, 2245)
(1377, 2340)
(1433, 2430)
(1517, 2536)
(1601, 2620)
(1635, 2654)
(2088, 2559)
(2189, 2514)
(2312, 2469)
(2212, 2329)
(2172, 2217)
(2156, 2189)
(2139, 2156)
(1870, 2144)
(1724, 2167)
(1551, 2217)
(1304, 2251)
(1467, 2178)
(1624, 2150)
(1271, 2290)
(1215, 2312)
(1164, 2363)
(1136, 2424)
(1187, 2497)
(1204, 2525)
(1299, 2570)
(1377, 2548)
(1372, 2374)
(2083, 2133)
(2010, 2133)
(1842, 2133)
(2228, 2268)
(2268, 2318)
(2245, 2374)
(2217, 2464)
(1584, 2279)
(1551, 2419)
(1624, 2363)
(1864, 2251)
(1971, 2212)
(1825, 2430)
(1797, 2497)
(1775, 2548)
(2100, 2553)
(2144, 2419)
(2122, 2374)
(1943, 2324)
(1848, 2335)
(1752, 2245)
(1685, 2279)
(1635, 2441)
(1635, 2480)
(1943, 2419)
(1988, 2268)
(2038, 2256)
(1971, 2436)
(1971, 2464)
(2111, 2374)
(2088, 2318)
(1792, 2363)
(1775, 2357)
(1500, 2273)
(1500, 2324)
(1612, 2486)
(1691, 2497)
(1887, 2419)
(1976, 2419)
(2038, 2480)
(1842, 2648)
(1825, 2598)
(1887, 2514)
(1663, 2626)
(1691, 2402)
(1764, 2363)
(2105, 2228)
(1562, 2962)
(1484, 2979)
(1433, 3035)
(1456, 2996)
(1394, 2956)
(2228, 2749)
(2329, 2800)
(2346, 2895)
(2464, 2822)
(1338, 2424)
(1276, 2396)
(1276, 2396)
# NEG
(1657, 2822)
(1792, 2794)
(2044, 2760)
(1948, 2777)
(1713, 2895)
(1696, 3007)
(1708, 3147)
(1590, 3248)
(1411, 3259)
(1220, 3220)
(1181, 3029)
(1304, 2805)
(1405, 2671)
(1495, 2632)
(1321, 2643)
(1220, 2609)
(1153, 2626)
(1080, 2542)
(1030, 2402)
(1120, 2296)
(1176, 2184)
(1248, 2167)
(1372, 2133)
(1484, 2100)
(1500, 2100)
(1618, 2060)
(1724, 2055)
(1859, 2049)
(1881, 2049)
(1960, 2044)
(1999, 2044)
(2139, 2055)
(2251, 2100)
(2290, 2116)
(2312, 2240)
(2312, 2262)
(2357, 2402)
(2374, 2452)
(2402, 2553)
(2408, 2581)
(2469, 2609)
(2570, 2671)
(2592, 2688)
(2637, 2811)
(2632, 2912)
(2559, 3035)
(2514, 3085)
(2402, 3136)
(2329, 3085)
(2256, 3063)
(2178, 3035)
(2144, 2956)
(2066, 2934)
(2066, 2783)
(296, 1484)
(268, 1405)
(744, 1405)
(1114, 1338)
(1428, 1248)
(1876, 1237)
(2234, 1176)
(2380, 1120)
(1898, 1041)
(1047, 1131)
(851, 1103)
(464, 1092)
(436, 1047)
(252, 879)
(313, 834)
(856, 907)
(1069, 879)
(1366, 890)
(1562, 879)
(1769, 868)
(2038, 806)
(2212, 722)
(2307, 588)
(2077, 548)
(1741, 593)
(1377, 644)
(1013, 688)
(660, 627)
(481, 593)
(308, 425)
(296, 235)
(380, 218)
(834, 252)
(834, 392)
(448, 285)
(761, 336)
(823, 408)
(1086, 565)
(1232, 313)
(1372, 274)
(1534, 582)
(1383, 414)
(1635, 257)
(1836, 240)
(1932, 403)
(2195, 313)
(2195, 224)
(2340, 179)
(2592, 246)
(2794, 212)
(2850, 240)
(2794, 582)
(2648, 666)
(2772, 604)
(2805, 789)
(2693, 929)
(2688, 1013)
(2788, 1153)
(2811, 1299)
(2452, 1349)
(2424, 1377)
(2307, 1411)
(2094, 1428)
(1848, 1472)
(1579, 1500)
(1568, 1551)
(1461, 1607)
(1293, 1646)
(1282, 1640)
(784, 1713)
(604, 1730)
(991, 1568)
(929, 1573)
(436, 1624)
(140, 1808)
(140, 1870)
(313, 1937)
(700, 1870)
(1260, 1864)
(1736, 1842)
(2536, 1680)
(2458, 1680)
(1976, 1708)
(1730, 1730)
(2324, 1635)
(2800, 1528)
(2536, 1792)
(2570, 1943)
(2441, 2032)
(2217, 1780)
(2016, 1864)
(2900, 1954)
(2693, 1685)
(2710, 1551)
(2710, 2116)
(2564, 2189)
(2514, 2240)
(2542, 2346)
(2671, 2469)
(2766, 2452)
(2805, 2553)
(2878, 2928)
(2872, 2576)
(2923, 2273)
(2906, 1545)
(2940, 1254)
(2396, 1500)
(1517, 1948)
(1232, 2049)
(890, 2128)
(840, 2150)
(442, 2228)
(358, 2172)
(431, 1948)
(515, 1853)
(862, 1853)
(1136, 1876)
(1058, 1920)
(845, 2346)
(498, 2436)
(257, 2335)
(201, 2189)
(711, 2027)
(772, 2469)
(868, 2727)
(985, 2805)
(1159, 2805)
(929, 2648)
(940, 2587)
(604, 2548)
(470, 2520)
(196, 2475)
(106, 2049)
(616, 2105)
(599, 2324)
(397, 2822)
(380, 3024)
(548, 3197)
(968, 3337)
(952, 3057)
(761, 2962)
(655, 3012)
(560, 2783)
(403, 2699)
(341, 2604)
(184, 2928)
(224, 3063)
(207, 3477)
(196, 3572)
(201, 3656)
(548, 3690)
(1187, 3690)
(2021, 3729)
(1887, 3466)
(1982, 3141)
(1859, 2973)
(1926, 2906)
(2083, 3197)
(2592, 3292)
(2738, 2996)
(2968, 2704)
(2738, 2604)
(2749, 2749)
(2592, 2413)
(2788, 2184)
(2805, 3315)
(2889, 3533)
(2772, 3808)
(2576, 3892)
(2503, 3707)
(2452, 3617)
(2340, 3466)
(2290, 3365)
(2660, 3416)
(2654, 3606)
(2184, 3623)
(2144, 3494)
(1920, 3444)
(1545, 3438)
(1528, 3483)
(1999, 3752)
(2240, 3735)
(1831, 3841)
(1708, 3768)
(1562, 3690)
(1131, 3522)
(1041, 3528)
(576, 3421)
(229, 3264)
(280, 3847)
(610, 3858)
(784, 3836)
(1092, 3858)
(1730, 3886)
(2699, 3920)
(1831, 3852)
(1512, 3875)
(1226, 3533)
(1332, 3477)
(1965, 3595)
(1680, 3656)
(1668, 3556)
(1775, 3388)
(2424, 3259)
(918, 3483)
(834, 3287)
(812, 3231)
(767, 1114)
(756, 929)
(655, 896)
(448, 806)
(560, 515)
(722, 308)
(588, 179)
(341, 201)
(336, 207)
(907, 414)
(1607, 588)
(1646, 1131)
(1640, 1069)
(1988, 705)
(2172, 1008)
(2172, 1008)
(2335, 812)
(2307, 487)
(2284, 184)
(1825, 89)
(1416, 95)
(991, 134)
(627, 162)
(240, 145)
(106, 112)
(190, 420)
(100, 935)
(100, 1052)
(431, 1153)
(711, 1159)
(918, 1237)
(1086, 912)
(772, 655)
(459, 1444)
(851, 1360)
(1349, 1383)
(1601, 1349)
(2469, 1260)
(2665, 1176)
(2542, 996)
(2598, 772)
(2693, 420)

# IMAGE rover_5_tree2.jpeg
# POS
(1444, 2256)
(1484, 2105)
(1523, 2189)
(1142, 2038)
(1041, 1954)
(1142, 1848)
(1254, 1842)
(1372, 1904)
(1500, 1960)
(1612, 1960)
(1808, 1904)
(1808, 1993)
(1881, 2072)
(1708, 1842)
(1646, 1764)
(1489, 1747)
(1383, 1814)
(1663, 1876)
(1696, 1920)
(1545, 1859)
(1394, 2167)
(1058, 2060)
# NEG
(1304, 2072)
(1288, 1999)
(1405, 2038)
(1685, 2094)
(1657, 2139)
(1635, 2256)
(1579, 2318)
(1282, 2251)
(1344, 2329)
(1405, 2301)
(1954, 1943)
(1887, 1792)
(1803, 1747)
(1736, 1708)
(1657, 1680)
(1316, 1663)
(1562, 1618)
(1724, 1590)
(1338, 1635)
(1433, 1657)
(1187, 1741)
(1052, 1780)
(1002, 1842)
(957, 1937)
(912, 2016)
(935, 2072)
(1064, 2144)
(1198, 2122)
(1215, 2116)
(1668, 2184)
(1859, 2228)
(2021, 2228)
(1999, 2060)
(2010, 1859)
(1993, 1523)
(1808, 1248)
(1752, 1092)
(2088, 420)
(2032, 403)
(1982, 397)
(1629, 610)
(1797, 716)
(2072, 834)
(2268, 1019)
(2206, 1080)
(1400, 1008)
(1041, 1041)
(448, 1232)
(616, 974)
(1192, 700)
(1338, 448)
(1467, 313)
(991, 347)
(330, 330)
(330, 330)
(470, 302)
(537, 604)
(957, 660)
(1876, 767)
(2632, 649)
(2721, 767)
(2917, 1752)
(2716, 2716)
(2268, 2912)
(543, 1769)
(599, 1523)
(772, 1428)
(1265, 1321)
(1596, 1299)
(1372, 1327)
(571, 1366)
(280, 1360)
(190, 1898)
(268, 2273)
(604, 2592)
(1036, 2676)
(403, 2777)
(991, 2419)
(1433, 2587)
(2133, 2805)
(2738, 2290)
(2441, 2234)
(2200, 1808)
(2189, 1680)
(2587, 1534)
(2856, 1321)
(2682, 946)
(2503, 414)
(2553, 280)
(2268, 207)
(1092, 263)
(834, 162)
(168, 196)
(50, 683)
(117, 1304)
(156, 2094)
(313, 3012)
(347, 3388)
(834, 3673)
(1316, 3589)
(2027, 3651)
(2329, 3673)
(2492, 3404)
(2144, 3326)
(1517, 3175)
(1153, 3242)
(924, 3119)
(1439, 2934)
(1853, 2912)
(2178, 2990)
(2548, 3074)
(2699, 2912)
(2189, 2609)
(1853, 2598)
(1008, 3578)
(576, 3600)
(459, 3780)
(296, 3544)
(509, 3012)
(683, 3113)
(1304, 2800)
(1831, 3371)
(2514, 3892)
(2598, 3791)
(2844, 3276)
(2615, 2228)
(2357, 1506)
(2167, 1170)
(1920, 1097)
(1820, 1013)
(1792, 408)
(1803, 263)
(1904, 72)
(2055, 218)
(2335, 571)
(2195, 1120)
(2144, 1590)
(2352, 1831)
(2654, 1965)
(2772, 2055)
(2766, 2178)
(716, 1601)
(683, 1803)
(683, 2027)
(789, 1719)
(968, 1612)
(1439, 1394)
(1125, 1428)
(1159, 1478)
(985, 1187)
(812, 1120)
(324, 789)
(319, 627)
(1260, 324)
(2531, 218)
(2889, 308)
(2912, 476)
(2872, 862)
(2856, 2072)
(2895, 3852)
(1680, 3920)
(1484, 3869)
(711, 3959)
(436, 3897)
(229, 3208)
(246, 2788)
(319, 2609)
(772, 2788)
(1019, 2861)

# IMAGE rover_6_tallgrass.jpeg
# POS
(1422, 2150)
(1444, 2038)
(1439, 1915)
(1579, 2088)
(1696, 2077)
(1909, 2144)
(1864, 2027)
(1848, 1876)
(1752, 1859)
(1691, 1864)
(1551, 1887)
(1635, 1954)
(1780, 1999)
# NEG
(1551, 2200)
(1696, 2178)
(1758, 2184)
(1976, 2217)
(2055, 2111)
(1999, 1971)
(1932, 1870)
(1926, 1786)
(1876, 1741)
(1764, 1741)
(1640, 1752)
(1545, 1780)
(1506, 1792)
(1360, 1831)
(1332, 1848)
(1316, 1943)
(1349, 2016)
(1360, 2139)
(1288, 2223)
(1388, 2245)
(1517, 2262)
(1747, 2284)
(2055, 2290)
(2268, 2200)
(2212, 1993)
(2133, 1853)
(1982, 1696)
(1702, 1540)
(1467, 1573)
(1159, 1769)
(1075, 1881)
(1198, 1999)
(1209, 2167)
(1215, 2424)
(1349, 2520)
(1965, 2430)
(2312, 2077)
(2212, 1909)
(2004, 1663)
(1932, 1556)
(1820, 1512)
(1556, 1439)
(1164, 1489)
(840, 1724)
(700, 2055)
(621, 2318)
(683, 2447)
(1232, 2660)
(1976, 2682)
(2486, 2497)
(2413, 2083)
(2279, 1696)
(1971, 1293)
(1685, 1209)
(1013, 1338)
(750, 1534)
(436, 2329)
(168, 1372)
(280, 1276)
(268, 817)
(274, 408)
(386, 257)
(733, 352)
(991, 532)
(1282, 767)
(1719, 772)
(1920, 778)
(2144, 901)
(2665, 795)
(2475, 509)
(1708, 532)
(1327, 537)
(1618, 341)
(2536, 212)
(2150, 280)
(1254, 476)
(1792, 985)
(2016, 1041)
(2598, 1232)
(2710, 1596)
(2744, 1982)
(2699, 2637)
(2598, 3074)
(2234, 2889)
(2122, 2744)
(1691, 2391)
(1568, 2548)
(1052, 2340)
(593, 2066)
(352, 1803)
(464, 1523)
(1019, 1052)
(1170, 1019)
(924, 991)
(526, 879)
(515, 789)
(688, 621)
(890, 767)
(963, 744)
(655, 1064)
(688, 1243)
(1629, 1097)
(1271, 968)
(1618, 991)
(1506, 767)
(1472, 347)
(1248, 128)
(761, 218)
(2587, 173)
(2856, 509)
(2413, 946)
(2878, 1243)
(2256, 1366)
(2676, 2693)
(2861, 3253)
(2604, 3701)
(2357, 3802)
(1864, 3808)
(1545, 3746)
(946, 3729)
(604, 3735)
(358, 3617)
(431, 3332)
(767, 3360)
(907, 3427)
(1344, 3404)
(2077, 3421)
(2251, 3399)
(2111, 3119)
(1976, 3035)
(1792, 3080)
(1657, 3080)
(1170, 2984)
(963, 2951)
(414, 2794)
(246, 2492)
(291, 2010)
(548, 1752)
(1366, 1265)
(2783, 2312)
(2872, 3869)
(392, 3858)
(229, 3080)
(532, 3007)
(795, 2716)
(957, 2396)
(935, 2100)

# IMAGE rover_7_upstairs_far.jpeg
# POS
(1400, 1736)
(1618, 1736)
(1512, 1640)
(1332, 1680)
(1540, 1590)
(1433, 1607)
(1422, 1680)
(1607, 1663)
# NEG
(1512, 1797)
(1332, 1797)
(1226, 1724)
(1209, 1640)
(1344, 1568)
(1416, 1495)
(1517, 1484)
(1629, 1517)
(1668, 1596)
(1702, 1640)
(1719, 1741)
(1702, 1848)
(1612, 1831)
(1444, 1836)
(1254, 1551)
(532, 1394)
(582, 1271)
(324, 1226)
(263, 1293)
(173, 1422)
(145, 1584)
(240, 1663)
(392, 1646)
(593, 1433)
(700, 1248)
(683, 1103)
(369, 1008)
(235, 1187)
(263, 1019)
(207, 700)
(67, 128)
(128, 56)
(291, 106)
(285, 268)
(212, 352)
(84, 548)
(72, 599)
(184, 711)
(364, 582)
(498, 442)
(604, 296)
(772, 184)
(862, 229)
(576, 453)
(431, 576)
(190, 750)
(134, 823)
(431, 700)
(817, 543)
(1092, 386)
(1433, 257)
(1624, 324)
(1215, 565)
(862, 688)
(537, 828)
(638, 806)
(649, 554)
(2279, 492)
(2716, 526)
(2682, 358)
(2296, 173)
(2228, 179)
(1881, 408)
(1836, 492)
(1943, 677)
(2391, 823)
(2632, 940)
(2038, 957)
(1708, 823)
(1618, 806)
(1444, 1002)
(1920, 1125)
(2206, 1164)
(2559, 1092)
(2788, 599)
(2721, 0)
(2284, 100)
(1864, 156)
(1523, 123)
(1327, 134)
(1164, 470)
(1192, 806)
(1097, 1052)
(901, 1153)
(957, 1411)
(957, 1528)
(1024, 1808)
(1114, 1982)
(1310, 2027)
(1792, 2116)
(1898, 1758)
(1937, 1534)
(1887, 1260)
(1685, 1232)
(1506, 1265)
(1276, 1304)
(1114, 1450)
(884, 1590)
(442, 1747)
(313, 1948)
(722, 2016)
(800, 1724)
(369, 2357)
(358, 2396)
(784, 2447)
(1282, 2413)
(1590, 2452)
(2251, 2167)
(2206, 1797)
(2648, 1495)
(2839, 1758)
(2766, 1982)
(1999, 2497)
(1993, 2486)
(2520, 2335)
(2553, 2060)
(2755, 2570)
(2021, 2822)
(1310, 2822)
(1097, 2844)
(492, 2844)
(252, 3276)
(319, 3348)
(756, 3600)
(1204, 3612)
(1523, 3628)
(2161, 3606)
(2492, 3617)
(2654, 3477)
(2531, 3281)
(2088, 3046)
(1696, 3141)
(1601, 3164)
(1120, 3102)
(912, 2654)
(2542, 2968)
(2408, 2693)
(2402, 1792)
(2312, 1405)
(2620, 1159)
(2833, 1002)
(2536, 229)
(2884, 3908)
(2273, 3847)
(1775, 3841)
(1260, 3931)
(739, 3830)
(397, 3858)
(212, 2609)
(526, 3186)
(840, 3326)
(952, 3007)
(896, 2867)
(666, 2604)
(492, 1988)
(576, 2172)
(862, 2178)
(1142, 2206)
(1349, 2206)
(1596, 2156)
